1 10
100 200
201 210
82645 38962
32005 29764
89552 9999
38920 5349
1084 95854
90538 84714
9129 35491
31932 95680
95006 67677
95060 48252
57344 49303
63184 8329
44845 9171
29321 60244
32867 55370
67252 21273
75237 94619
79158 78129
78962 11347
9121 93092
49442 97424
5756 99593
54953 5588
44153 73703
88770 54592
35092 70583
11707 96865
14300 68803
76151 83696
61822 86687
10113 83848
8411 42609
70097 22258
7277 39665
82186 89189
70624 14661
8135 51333
8484 23323
98663 58130
37427 86313
37064 88036
81280 23669
94724 90769
98600 59189
75338 35022
37626 70818
8350 48167
77714 37799
55840 70508
42422 24873
90635 33025
11120 43445
49263 25368
1136 40520
46866 57147
5631 74097
11882 76719
11753 82279
64921 74421
74604 68104
58337 23751
96217 40022
37487 47772
28571 8290
86860 52837
22360 43634
96322 80211
1216 97790
96987 55600
4316 32269
89114 4341
52770 92464
99296 91911
7380 25299
55385 69541
96930 7544
52310 16622
