1 10
100 200
201 210
813795 602782
684731 270958
162617 133185
910927 76201
822537 940531
949799 416639
725719 581163
613415 919176
418243 82749
932728 876661
866064 551588
45219 164835
26367 411255
376463 777602
810553 480370
987276 985286
150417 376739
594131 749578
380891 392990
969914 829164
842119 569081
838328 63512
468693 36822
414820 133852
273407 13672
56376 75359
864722 691714
812901 534346
999717 749910
996636 913165
555432 585149
768987 726121
944765 757081
849647 377851
247348 241085
450544 205046
129160 251443
954051 274732
606175 207228
228643 878220
671701 756999
618128 46897
358163 268673
113558 22185
671573 498165
520308 476211
772318 831371
520163 307777
852181 816385
551907 967973
560938 88409
876653 791818
403483 589956
134016 480046
28783 420536
755137 784668
620309 639361
704080 805044
212964 903151
136372 617264
14545 980462
350588 608088
589918 636644
392244 554816
437475 91002
904158 726397
348256 547446
513989 450910
783653 910471
396543 297960
622087 523602
862363 697642
949520 796471
147074 459347
926587 842091
492116 768917
258245 66236
459136 45862
980032 620806
492618 347414
328752 209131
633401 579650
240146 341563
75864 537263
128880 460119
128046 584766
151903 400301
138828 697667
640875 180068
181880 696501
345667 411661
896788 874317
473962 515236
667558 973110
172320 601935
192289 223849
40869 821790
168935 345083
278591 347619
177011 31805
